caso,rep,t_s,goodput_mbps,cwnd_seg,rtt_tcp_ms,ping_l_ms,ce_acum,rlc_estancia_ms,rlc_cola_kB,marcas_seg,l4s_seg
# dl_cubic_sinmarcado: repeticion 5 (82.30 Mbit/s), carpeta p005_dl_cubic_sinmarcado_rep05, 116 muestras de ss, 6468 de RLC
dl_cubic_sinmarcado,5,0,21.89,78,57.9,48.9,0,36.87,146,0,10
dl_cubic_sinmarcado,5,1,53.34,206,44.4,52.8,0,38.89,370,0,10
dl_cubic_sinmarcado,5,2,83.39,490,66.3,71.7,0,57.67,808,0,10
dl_cubic_sinmarcado,5,3,84.56,864,108.1,118.4,0,103.14,1361,0,9
dl_cubic_sinmarcado,5,4,84.46,1244,159.0,165.7,0,150.53,1910,0,9
dl_cubic_sinmarcado,5,5,85.27,1619,206.2,214.1,0,198.08,2463,0,9
dl_cubic_sinmarcado,5,6,84.18,2000,260.7,262.3,0,243.33,2954,0,9
dl_cubic_sinmarcado,5,7,84.20,1980,271.2,254.1,0,246.41,2522,0,12
dl_cubic_sinmarcado,5,8,85.55,997,133.3,122.9,0,106.39,1363,0,10
dl_cubic_sinmarcado,5,9,84.15,886,117.4,117.5,0,103.77,1322,0,10
dl_cubic_sinmarcado,5,10,84.26,932,124.2,128.8,0,110.14,1392,0,9
dl_cubic_sinmarcado,5,11,85.22,964,127.2,130.0,0,114.74,1443,0,9
dl_cubic_sinmarcado,5,12,84.10,984,126.2,133.2,0,117.95,1473,0,10
dl_cubic_sinmarcado,5,13,84.61,995,130.3,139.2,0,120.20,1490,0,10
dl_cubic_sinmarcado,5,14,83.95,1000,133.1,134.7,0,120.55,1505,0,10
dl_cubic_sinmarcado,5,15,85.47,1001,133.1,139.7,0,121.06,1501,0,10
dl_cubic_sinmarcado,5,16,84.48,1001,134.2,136.5,0,121.41,1505,0,10
dl_cubic_sinmarcado,5,17,84.00,1002,131.4,140.4,0,121.24,1504,0,10
dl_cubic_sinmarcado,5,18,85.31,1006,132.4,140.3,0,121.83,1512,0,10
dl_cubic_sinmarcado,5,19,83.41,1015,130.4,136.4,0,123.13,1524,0,10
dl_cubic_sinmarcado,5,20,85.90,1032,140.1,142.6,0,124.78,1548,0,10
dl_cubic_sinmarcado,5,21,83.81,1061,140.4,144.9,0,128.73,1596,0,10
dl_cubic_sinmarcado,5,22,85.05,1102,148.7,149.7,0,133.67,1668,0,10
dl_cubic_sinmarcado,5,23,84.34,1161,153.0,154.9,0,141.07,1743,0,9
dl_cubic_sinmarcado,5,24,84.80,1238,160.0,165.0,0,150.11,1863,0,10
dl_cubic_sinmarcado,5,25,84.81,1336,178.3,176.8,0,162.28,2013,0,10
dl_cubic_sinmarcado,5,26,84.82,1458,194.3,193.3,0,177.20,2181,0,10
dl_cubic_sinmarcado,5,27,83.59,1605,210.9,212.4,0,194.87,2383,0,9
dl_cubic_sinmarcado,5,28,86.25,1731,230.6,229.7,0,215.86,2632,0,10
dl_cubic_sinmarcado,5,29,84.31,1880,246.7,254.8,0,239.52,2895,0,10
dl_cubic_sinmarcado,5,30,84.27,2100,277.0,273.4,0,260.39,3108,0,9
dl_cubic_sinmarcado,5,31,77.18,2354,260.6,281.6,0,272.62,2781,0,13
dl_cubic_sinmarcado,5,32,93.02,1098,140.4,149.9,0,127.29,1727,0,9
dl_cubic_sinmarcado,5,33,83.94,1270,168.2,170.2,0,156.77,1949,0,9
dl_cubic_sinmarcado,5,34,84.78,1334,181.6,181.3,0,165.88,2033,0,10
dl_cubic_sinmarcado,5,35,84.96,1380,187.4,186.8,0,172.12,2108,0,10
dl_cubic_sinmarcado,5,36,84.26,1412,191.4,194.3,0,176.74,2149,0,10
dl_cubic_sinmarcado,5,37,85.09,1433,191.8,195.9,0,180.01,2179,0,9
dl_cubic_sinmarcado,5,38,84.59,1445,190.6,200.6,0,181.25,2193,0,9
dl_cubic_sinmarcado,5,39,84.54,1450,195.6,196.2,0,182.92,2205,0,10
dl_cubic_sinmarcado,5,40,84.92,1451,196.5,200.2,0,182.85,2209,0,9
dl_cubic_sinmarcado,5,41,83.52,1451,192.3,198.3,0,182.64,2207,0,9
dl_cubic_sinmarcado,5,42,84.96,1452,200.9,197.8,0,182.82,2211,0,10
dl_cubic_sinmarcado,5,43,85.00,1456,193.5,199.7,0,183.15,2214,0,10
dl_cubic_sinmarcado,5,44,84.61,1464,199.3,198.4,0,184.60,2237,0,9
dl_cubic_sinmarcado,5,45,84.32,1482,195.7,201.5,0,187.20,2266,0,10
dl_cubic_sinmarcado,5,46,85.17,1510,201.6,204.3,0,190.32,2300,0,9
dl_cubic_sinmarcado,5,47,84.20,1552,209.2,213.5,0,195.66,2364,0,9
dl_cubic_sinmarcado,5,48,84.76,1609,219.2,220.8,0,202.93,2452,0,10
dl_cubic_sinmarcado,5,49,84.52,1686,231.1,228.5,0,212.27,2557,0,10
dl_cubic_sinmarcado,5,50,84.54,1783,242.4,241.2,0,224.62,2702,0,10
dl_cubic_sinmarcado,5,51,84.71,1904,258.3,252.8,0,238.00,2854,0,10
dl_cubic_sinmarcado,5,52,84.69,2050,274.6,268.6,0,252.78,3023,0,9
dl_cubic_sinmarcado,5,53,84.47,2225,263.3,280.6,0,267.32,3176,0,10
dl_cubic_sinmarcado,5,54,83.59,2026,203.9,263.6,0,243.68,2507,0,11
dl_cubic_sinmarcado,5,55,85.32,1208,160.7,156.6,0,140.96,1784,0,9
dl_cubic_sinmarcado,5,56,84.77,1264,168.6,168.6,0,155.42,1927,0,10
dl_cubic_sinmarcado,5,57,83.73,1308,179.3,179.0,0,163.59,2007,0,10
dl_cubic_sinmarcado,5,58,84.76,1355,177.6,188.1,0,169.89,2085,0,10
dl_cubic_sinmarcado,5,59,83.93,1388,189.4,153.6,0,174.27,1612,0,11
# dl_prague_marcado: repeticion 1 (70.00 Mbit/s), carpeta p043_dl_prague_marcado_rep01, 116 muestras de ss, 6447 de RLC
dl_prague_marcado,1,0,8.97,13,6.6,14.7,16,1.66,25,16,777
dl_prague_marcado,1,1,19.96,31,16.5,15.6,16,0.81,51,0,1706
dl_prague_marcado,1,2,31.99,50,17.9,13.9,16,0.67,71,0,2681
dl_prague_marcado,1,3,40.05,70,15.0,15.4,16,0.75,91,0,3437
dl_prague_marcado,1,4,49.79,89,14.8,17.1,16,1.61,116,0,4112
dl_prague_marcado,1,5,55.37,109,14.3,16.6,16,2.41,135,0,4736
dl_prague_marcado,1,6,66.97,128,14.9,17.2,16,3.41,179,0,5623
dl_prague_marcado,1,7,73.29,148,14.7,20.1,47,4.44,212,52,6254
dl_prague_marcado,1,8,75.17,156,16.2,19.1,215,4.66,225,200,6446
dl_prague_marcado,1,9,70.91,149,13.6,17.9,355,4.32,202,113,6049
dl_prague_marcado,1,10,74.10,152,14.7,18.2,463,4.65,221,85,6361
dl_prague_marcado,1,11,72.42,154,14.1,17.9,612,4.71,211,152,6317
dl_prague_marcado,1,12,74.06,152,11.3,16.0,724,4.48,212,107,6295
dl_prague_marcado,1,13,74.03,154,12.5,18.6,878,4.64,217,146,6432
dl_prague_marcado,1,14,73.14,152,13.8,18.8,970,4.60,213,136,6345
dl_prague_marcado,1,15,75.24,154,17.4,19.0,1063,4.67,217,98,6504
dl_prague_marcado,1,16,74.75,156,13.7,17.5,1203,4.62,226,164,6503
dl_prague_marcado,1,17,74.28,153,16.7,17.1,1319,4.38,211,82,6354
dl_prague_marcado,1,18,72.21,153,20.9,19.5,1499,4.53,214,156,6253
dl_prague_marcado,1,19,74.71,154,20.4,17.0,1558,4.47,220,96,6335
dl_prague_marcado,1,20,75.30,154,13.7,18.1,1722,4.60,222,133,6488
dl_prague_marcado,1,21,74.87,152,15.5,20.4,1888,4.70,226,175,6565
dl_prague_marcado,1,22,73.49,152,15.0,17.3,1950,4.49,215,52,6255
dl_prague_marcado,1,23,75.96,154,17.1,18.3,2167,4.59,230,212,6544
dl_prague_marcado,1,24,75.36,152,20.1,18.3,2267,4.59,225,104,6497
dl_prague_marcado,1,25,73.80,152,14.3,16.8,2416,4.57,211,136,6513
dl_prague_marcado,1,26,73.86,154,21.2,18.4,2492,4.69,217,74,6416
dl_prague_marcado,1,27,77.99,158,18.4,19.2,2617,4.60,220,129,6466
dl_prague_marcado,1,28,74.38,152,22.4,17.2,2753,4.67,224,193,6563
dl_prague_marcado,1,29,73.94,151,16.2,19.0,2868,4.41,213,104,6390
dl_prague_marcado,1,30,73.20,154,13.6,18.3,3009,4.70,218,157,6383
dl_prague_marcado,1,31,75.79,154,15.6,18.4,3143,4.45,219,157,6426
dl_prague_marcado,1,32,72.75,150,15.1,18.5,3304,4.26,215,84,6290
dl_prague_marcado,1,33,75.28,154,20.0,16.6,3406,4.59,224,144,6521
dl_prague_marcado,1,34,75.14,154,19.0,19.2,3535,4.59,218,107,6439
dl_prague_marcado,1,35,75.75,152,15.5,19.1,3702,4.51,223,163,6473
dl_prague_marcado,1,36,74.35,153,14.3,17.8,3807,4.66,226,81,6492
dl_prague_marcado,1,37,76.04,154,15.6,19.8,3923,4.57,230,104,6521
dl_prague_marcado,1,38,75.71,152,15.6,18.4,4061,4.51,225,125,6443
dl_prague_marcado,1,39,72.62,149,18.4,18.9,4185,4.54,224,129,6429
dl_prague_marcado,1,40,73.45,152,13.2,16.9,4289,4.30,211,95,6280
dl_prague_marcado,1,41,71.19,146,16.6,16.7,4501,4.45,219,213,6221
dl_prague_marcado,1,42,71.89,153,19.2,18.8,4551,4.43,215,83,6208
dl_prague_marcado,1,43,74.97,157,13.4,16.0,4683,4.83,230,170,6579
dl_prague_marcado,1,44,75.18,154,16.5,19.6,4797,4.63,229,134,6421
dl_prague_marcado,1,45,74.26,152,23.2,18.4,4967,4.51,221,116,6354
dl_prague_marcado,1,46,74.21,152,13.9,17.7,5072,4.64,225,159,6471
dl_prague_marcado,1,47,73.43,150,15.2,17.7,5236,4.52,223,88,6356
dl_prague_marcado,1,48,76.06,156,16.1,18.7,5345,4.63,224,123,6521
dl_prague_marcado,1,49,74.39,156,22.1,19.3,5448,4.56,224,104,6404
dl_prague_marcado,1,50,74.90,156,13.5,18.3,5613,4.65,231,155,6499
dl_prague_marcado,1,51,73.29,152,14.9,17.2,5773,4.32,224,158,6435
dl_prague_marcado,1,52,73.21,150,19.6,19.5,5928,4.39,221,141,6301
dl_prague_marcado,1,53,73.15,155,14.3,17.3,6023,4.28,218,85,6289
dl_prague_marcado,1,54,74.61,156,16.0,19.9,6141,4.61,225,114,6412
dl_prague_marcado,1,55,74.48,154,19.5,17.7,6267,4.73,232,148,6466
dl_prague_marcado,1,56,74.17,151,15.0,17.7,6375,4.50,220,132,6386
dl_prague_marcado,1,57,74.08,150,16.8,18.0,6508,4.51,227,115,6425
dl_prague_marcado,1,58,74.51,153,14.5,16.8,6585,4.67,221,93,6475
dl_prague_marcado,1,59,73.69,154,15.8,17.6,6704,4.52,221,127,6409
# dl_prague_sinmarcado: repeticion 10 (17.40 Mbit/s), carpeta p012_dl_prague_sinmarcado_rep10, 119 muestras de ss, 6597 de RLC
dl_prague_sinmarcado,10,0,11.28,152,96.4,163.1,0,178.62,337,0,962
dl_prague_sinmarcado,10,1,20.73,1567,112.5,87.0,0,64.72,172,0,1819
dl_prague_sinmarcado,10,2,17.38,3294,11.9,16.1,0,0.46,36,0,1514
dl_prague_sinmarcado,10,3,17.36,4863,14.3,12.8,0,0.45,36,0,1515
dl_prague_sinmarcado,10,4,17.66,6432,12.5,16.5,0,0.45,35,0,1516
dl_prague_sinmarcado,10,5,17.30,8025,12.7,14.5,0,0.44,34,0,1516
dl_prague_sinmarcado,10,6,17.60,9588,12.6,14.5,0,0.44,36,0,1514
dl_prague_sinmarcado,10,7,17.37,11173,12.4,13.8,0,0.46,36,0,1516
dl_prague_sinmarcado,10,8,17.55,12751,12.3,16.2,0,0.46,36,0,1516
dl_prague_sinmarcado,10,9,17.49,14330,12.1,16.0,0,0.45,35,0,1516
dl_prague_sinmarcado,10,10,17.51,15904,13.3,15.9,0,0.44,36,0,1516
dl_prague_sinmarcado,10,11,17.35,17494,11.3,13.3,0,0.45,35,0,1517
dl_prague_sinmarcado,10,12,17.52,19056,12.3,14.0,0,0.46,36,0,1515
dl_prague_sinmarcado,10,13,17.42,20250,11.2,16.9,0,0.45,36,0,1515
dl_prague_sinmarcado,10,14,17.51,21436,14.0,13.5,0,0.44,36,0,1515
dl_prague_sinmarcado,10,15,17.44,23008,14.6,18.6,0,0.45,35,0,1514
dl_prague_sinmarcado,10,16,17.46,24584,11.3,14.9,0,0.44,35,0,1514
dl_prague_sinmarcado,10,17,17.56,26160,12.2,14.0,0,0.45,36,0,1516
dl_prague_sinmarcado,10,18,17.45,27742,12.7,19.0,0,0.45,37,0,1516
dl_prague_sinmarcado,10,19,17.43,29320,14.5,18.5,0,0.45,36,0,1515
dl_prague_sinmarcado,10,20,17.50,30898,10.9,15.9,0,0.45,34,0,1515
dl_prague_sinmarcado,10,21,17.32,32480,12.0,12.0,0,0.45,35,0,1515
dl_prague_sinmarcado,10,22,17.55,34054,14.8,15.4,0,0.44,35,0,1515
dl_prague_sinmarcado,10,23,17.50,35634,13.0,15.0,0,0.45,37,0,1516
dl_prague_sinmarcado,10,24,17.43,37213,14.7,14.0,0,0.44,35,0,1515
dl_prague_sinmarcado,10,25,17.35,38790,14.0,19.7,0,0.46,35,0,1514
dl_prague_sinmarcado,10,26,17.61,40365,13.3,16.0,0,0.45,36,0,1516
dl_prague_sinmarcado,10,27,17.73,41552,11.5,18.2,0,0.44,36,0,1515
dl_prague_sinmarcado,10,28,17.32,42740,14.8,14.9,0,0.44,36,0,1515
dl_prague_sinmarcado,10,29,17.53,44310,14.0,15.1,0,0.44,35,0,1514
dl_prague_sinmarcado,10,30,17.45,45894,15.9,16.6,0,0.45,36,0,1516
dl_prague_sinmarcado,10,31,17.41,47476,15.5,16.4,0,0.44,35,0,1514
dl_prague_sinmarcado,10,32,17.45,49052,13.4,16.9,0,0.44,37,0,1516
dl_prague_sinmarcado,10,33,17.56,50622,15.7,13.7,0,0.45,36,0,1516
dl_prague_sinmarcado,10,34,17.39,52204,11.8,12.9,0,0.45,36,0,1515
dl_prague_sinmarcado,10,35,17.60,53777,14.5,14.0,0,0.45,36,0,1516
dl_prague_sinmarcado,10,36,17.47,55356,11.1,17.5,0,0.44,35,0,1517
dl_prague_sinmarcado,10,37,17.43,56939,14.4,14.2,0,0.44,36,0,1515
dl_prague_sinmarcado,10,38,17.58,58521,13.4,16.6,0,0.45,35,0,1516
dl_prague_sinmarcado,10,39,17.33,60106,11.3,16.1,0,0.44,35,0,1516
dl_prague_sinmarcado,10,40,17.45,61669,14.2,13.3,0,0.45,36,0,1516
dl_prague_sinmarcado,10,41,17.55,62845,11.0,17.1,0,0.45,36,0,1515
dl_prague_sinmarcado,10,42,17.50,64028,12.0,12.8,0,0.45,35,0,1515
dl_prague_sinmarcado,10,43,17.49,65612,11.6,16.6,0,0.44,36,0,1515
dl_prague_sinmarcado,10,44,17.44,67192,11.4,18.0,0,0.46,36,0,1516
dl_prague_sinmarcado,10,45,17.43,68770,14.7,14.9,0,0.45,35,0,1516
dl_prague_sinmarcado,10,46,17.49,70350,12.8,17.3,0,0.46,35,0,1515
dl_prague_sinmarcado,10,47,17.44,71928,11.3,16.7,0,0.45,35,0,1515
dl_prague_sinmarcado,10,48,17.57,73502,12.4,16.5,0,0.45,37,0,1516
dl_prague_sinmarcado,10,49,17.41,75082,13.8,17.8,0,0.45,35,0,1515
dl_prague_sinmarcado,10,50,17.41,76650,15.4,14.4,0,0.45,36,0,1515
dl_prague_sinmarcado,10,51,17.49,78224,13.8,13.6,0,0.45,35,0,1516
dl_prague_sinmarcado,10,52,17.50,79806,13.8,13.4,0,0.45,35,0,1514
dl_prague_sinmarcado,10,53,17.39,81391,14.4,20.2,0,0.44,36,0,1516
dl_prague_sinmarcado,10,54,17.51,82962,12.5,16.3,0,0.45,35,0,1516
dl_prague_sinmarcado,10,55,17.60,84144,16.0,15.4,0,0.45,36,0,1513
dl_prague_sinmarcado,10,56,17.36,85328,14.2,18.2,0,0.45,35,0,1515
dl_prague_sinmarcado,10,57,17.52,86904,13.9,14.5,0,0.45,36,0,1513
dl_prague_sinmarcado,10,58,17.50,88482,11.1,15.0,0,0.46,35,0,1513
dl_prague_sinmarcado,10,59,17.36,90056,13.4,11.7,0,0.44,35,0,1515
dl_prague_sinmarcado,10,60,17.38,91633,13.9,15.1,0,0.44,35,0,1515
dl_prague_sinmarcado,10,61,0.00,92801,14.3,13.2,0,0.45,24,0,1008
