caso,rep,t_s,goodput_mbps,cwnd_seg,rtt_tcp_ms,ping_l_ms,ce_acum,rlc_estancia_ms,rlc_cola_kB,marcas_seg,l4s_seg
# dl_r04_cubic: repeticion 8 (4.81 Mbit/s), carpeta p148_dl_r04_cubic_rep08, 120 muestras de ss, 6687 de RLC
dl_r04_cubic,8,0,2.36,30,99.3,173.1,0,164.55,65,0,8
dl_r04_cubic,8,1,4.52,62,169.0,162.0,0,141.48,108,0,10
dl_r04_cubic,8,2,4.59,83,193.9,205.1,0,183.51,137,0,9
dl_r04_cubic,8,3,5.45,104,240.2,231.7,0,210.21,168,0,10
dl_r04_cubic,8,4,5.06,128,290.3,285.4,0,262.79,204,0,9
dl_r04_cubic,8,5,5.10,152,308.5,310.8,0,293.01,237,0,10
dl_r04_cubic,8,6,4.72,174,409.5,408.1,0,389.56,270,0,8
dl_r04_cubic,8,7,4.68,195,460.8,462.4,0,441.88,300,0,9
dl_r04_cubic,8,8,4.62,236,514.0,513.0,0,494.82,354,0,9
dl_r04_cubic,8,9,4.70,308,636.0,632.5,0,614.43,457,0,8
dl_r04_cubic,8,10,5.04,399,806.7,776.4,0,767.60,584,0,8
dl_r04_cubic,8,11,4.98,516,904.9,883.9,0,867.61,747,0,9
dl_r04_cubic,8,12,4.64,600,1080.0,1082.7,0,1071.05,921,0,6
dl_r04_cubic,8,13,4.39,701,1345.7,1435.4,0,1424.25,1106,0,7
dl_r04_cubic,8,14,4.56,844,1633.9,1690.1,0,1675.22,1328,0,8
dl_r04_cubic,8,15,4.82,1035,1840.5,1883.8,0,1865.20,1613,0,8
dl_r04_cubic,8,16,5.34,1258,2034.8,2053.1,0,2039.70,1943,0,8
dl_r04_cubic,8,17,4.60,1487,2273.8,2305.8,0,2304.64,2269,0,7
dl_r04_cubic,8,18,4.88,1693,2628.6,2650.3,0,2643.33,2571,0,6
dl_r04_cubic,8,19,5.31,1922,3001.0,3018.2,0,3000.09,2903,0,6
dl_r04_cubic,8,20,5.29,2156,3339.1,3349.4,0,3332.80,3187,0,7
dl_r04_cubic,8,21,4.83,2392,3601.7,3584.4,0,3569.45,3394,0,7
dl_r04_cubic,8,22,4.00,2606,3923.5,3897.4,0,3887.28,3484,0,7
dl_r04_cubic,8,23,0.00,2356,4322.4,4287.2,0,4267.02,3473,0,6
dl_r04_cubic,8,24,0.00,1912,4686.6,4623.2,0,4603.69,2791,0,6
dl_r04_cubic,8,25,0.00,1912,4863.1,4917.3,0,4893.06,2536,0,9
dl_r04_cubic,8,26,0.00,1912,5369.6,5268.8,0,5190.10,2025,0,5
dl_r04_cubic,8,27,0.00,1912,5302.0,5404.1,0,5367.49,1422,0,10
dl_r04_cubic,8,28,27.70,1912,5659.7,5042.9,0,5589.37,835,0,25
dl_r04_cubic,8,29,3.96,1918,4132.1,2616.0,0,2978.30,1615,0,37
dl_r04_cubic,8,30,0.00,1869,1433.4,0.0,0,1545.93,1544,0,0
dl_r04_cubic,8,31,0.00,1397,2459.1,2710.7,0,2496.46,1555,0,3
dl_r04_cubic,8,32,4.98,1086,2629.4,2586.3,0,2585.23,1639,0,13
dl_r04_cubic,8,33,5.98,1106,2295.1,2269.9,0,2254.16,1683,0,10
dl_r04_cubic,8,34,14.57,1116,2393.0,2386.3,0,2368.78,1646,0,9
dl_r04_cubic,8,35,5.05,1357,2447.4,2418.2,0,2401.81,2019,0,9
dl_r04_cubic,8,36,4.68,1380,2409.4,2448.4,0,2432.59,2081,0,10
dl_r04_cubic,8,37,5.10,1414,2751.1,2729.3,0,2699.87,2128,0,6
dl_r04_cubic,8,38,5.16,1456,3164.8,3130.3,0,3100.72,2190,0,7
dl_r04_cubic,8,39,5.35,1495,3174.8,3193.0,0,3171.42,2249,0,10
dl_r04_cubic,8,40,4.54,1522,3128.4,3149.5,0,3129.05,2300,0,10
dl_r04_cubic,8,41,4.68,1542,3234.1,3279.3,0,3268.87,2340,0,8
dl_r04_cubic,8,42,5.22,1566,3416.1,3440.6,0,3423.51,2374,0,9
dl_r04_cubic,8,43,5.10,1586,3491.5,3513.4,0,3494.38,2402,0,8
dl_r04_cubic,8,44,5.18,1600,3544.2,3531.1,0,3509.02,2422,0,11
dl_r04_cubic,8,45,4.66,1611,3507.7,3526.8,0,3505.83,2437,0,9
dl_r04_cubic,8,46,4.52,1619,3645.1,3659.8,0,3638.17,2449,0,8
dl_r04_cubic,8,47,4.25,1626,3843.0,3845.4,0,3821.96,2459,0,8
dl_r04_cubic,8,48,4.46,1636,4045.0,4043.9,0,4022.03,2473,0,8
dl_r04_cubic,8,49,4.33,1648,4195.4,4188.2,0,4168.53,2490,0,9
dl_r04_cubic,8,50,5.03,1666,4276.3,4272.4,0,4249.99,2516,0,10
dl_r04_cubic,8,51,5.02,1696,4103.8,4141.6,0,4112.65,2556,0,12
dl_r04_cubic,8,52,4.62,1732,4008.6,4022.8,0,4000.94,2607,0,9
dl_r04_cubic,8,53,4.60,1767,3996.2,3998.3,0,3977.93,2673,0,10
dl_r04_cubic,8,54,4.31,1809,3999.7,4011.8,0,3994.85,2754,0,8
dl_r04_cubic,8,55,4.67,1875,4147.1,4192.0,0,4177.14,2857,0,8
dl_r04_cubic,8,56,0.00,1898,4246.6,4242.5,0,4221.96,2837,0,10
dl_r04_cubic,8,57,0.00,1763,4276.5,4285.3,0,4272.89,2525,0,9
dl_r04_cubic,8,58,0.00,1512,4372.5,4365.3,0,4353.07,2047,0,9
dl_r04_cubic,8,59,0.00,1357,4348.5,4342.5,0,4324.03,1789,0,10
dl_r04_cubic,8,60,24.81,1358,4457.4,4463.9,0,4441.34,1260,0,9
dl_r04_cubic,8,61,4.50,1377,3589.9,3661.9,0,3669.82,697,0,25
# dl_r04_prague_marc: repeticion 7 (4.76 Mbit/s), carpeta p119_dl_r04_prague_marc_rep07, 116 muestras de ss, 6471 de RLC
dl_r04_prague_marc,7,0,3.80,8,26.7,26.5,49,6.27,19,55,338
dl_r04_prague_marc,7,1,4.62,12,26.7,25.9,156,7.73,23,110,406
dl_r04_prague_marc,7,2,4.80,11,30.2,26.6,252,6.70,23,101,416
dl_r04_prague_marc,7,3,5.04,13,25.0,21.9,372,7.51,26,128,472
dl_r04_prague_marc,7,4,4.25,12,27.3,23.3,498,7.84,21,130,363
dl_r04_prague_marc,7,5,4.35,10,22.3,25.5,602,6.92,22,95,377
dl_r04_prague_marc,7,6,4.20,11,25.6,26.5,711,7.73,20,111,382
dl_r04_prague_marc,7,7,4.89,12,22.6,29.6,823,7.68,21,99,402
dl_r04_prague_marc,7,8,5.01,14,20.4,23.8,930,7.01,24,114,472
dl_r04_prague_marc,7,9,5.29,13,21.8,22.1,1038,6.71,23,99,440
dl_r04_prague_marc,7,10,4.59,12,24.4,30.5,1162,8.05,24,137,430
dl_r04_prague_marc,7,11,4.54,11,21.5,23.6,1269,7.10,20,92,408
dl_r04_prague_marc,7,12,4.60,12,23.1,26.1,1383,7.42,21,117,396
dl_r04_prague_marc,7,13,4.74,12,21.3,26.9,1445,6.37,22,93,407
dl_r04_prague_marc,7,14,5.33,14,23.6,26.6,1539,7.82,27,123,475
dl_r04_prague_marc,7,15,5.01,13,21.6,28.2,1657,6.88,24,109,439
dl_r04_prague_marc,7,16,4.97,12,27.4,30.1,1779,6.91,24,115,439
dl_r04_prague_marc,7,17,5.37,14,22.2,22.1,1891,7.26,25,120,468
dl_r04_prague_marc,7,18,4.95,12,24.1,26.1,2011,7.26,24,110,437
dl_r04_prague_marc,7,19,5.03,13,23.0,26.1,2117,7.35,27,100,446
dl_r04_prague_marc,7,20,5.33,13,26.4,20.8,2240,7.58,25,138,470
dl_r04_prague_marc,7,21,5.00,14,23.4,22.9,2348,6.97,26,110,437
dl_r04_prague_marc,7,22,4.88,14,22.0,30.8,2474,7.16,25,121,455
dl_r04_prague_marc,7,23,4.62,11,24.7,25.1,2595,7.40,23,114,409
dl_r04_prague_marc,7,24,5.06,12,27.6,24.0,2699,6.34,22,91,419
dl_r04_prague_marc,7,25,5.05,12,29.1,22.9,2808,7.31,25,109,457
dl_r04_prague_marc,7,26,5.31,14,22.1,19.6,2859,7.21,24,107,457
dl_r04_prague_marc,7,27,5.00,14,27.1,24.9,2988,7.57,24,125,440
dl_r04_prague_marc,7,28,5.16,13,23.9,22.8,3091,7.10,24,103,472
dl_r04_prague_marc,7,29,5.19,11,29.3,24.8,3215,7.17,24,103,438
dl_r04_prague_marc,7,30,4.77,13,29.3,23.9,3320,7.78,25,117,428
dl_r04_prague_marc,7,31,4.52,11,24.0,25.9,3433,7.67,21,108,408
dl_r04_prague_marc,7,32,4.28,12,29.8,23.8,3537,7.59,22,107,376
dl_r04_prague_marc,7,33,4.22,10,21.3,26.4,3646,7.74,22,101,378
dl_r04_prague_marc,7,34,4.39,11,30.3,28.3,3754,7.26,22,110,381
dl_r04_prague_marc,7,35,4.45,11,25.5,25.0,3854,7.91,21,97,392
dl_r04_prague_marc,7,36,5.33,14,21.5,27.4,3967,7.76,25,117,443
dl_r04_prague_marc,7,37,5.01,14,23.2,27.4,4080,7.88,25,115,444
dl_r04_prague_marc,7,38,4.86,14,22.9,27.8,4189,7.16,24,112,469
dl_r04_prague_marc,7,39,4.63,10,24.1,29.3,4261,8.11,24,116,395
dl_r04_prague_marc,7,40,4.76,12,28.9,27.4,4359,7.33,25,110,419
dl_r04_prague_marc,7,41,5.32,12,20.9,26.0,4481,6.83,26,100,471
dl_r04_prague_marc,7,42,4.54,12,21.8,26.1,4596,7.49,23,118,402
dl_r04_prague_marc,7,43,4.56,12,25.6,25.6,4699,7.61,23,103,402
dl_r04_prague_marc,7,44,4.60,10,24.7,22.1,4817,8.29,23,118,409
dl_r04_prague_marc,7,45,4.64,12,28.0,27.9,4927,7.63,23,111,403
dl_r04_prague_marc,7,46,4.46,11,28.6,26.7,5036,6.92,22,107,394
dl_r04_prague_marc,7,47,4.27,10,24.9,25.1,5159,8.03,20,119,386
dl_r04_prague_marc,7,48,4.36,12,26.8,27.4,5261,7.80,22,100,377
dl_r04_prague_marc,7,49,4.27,10,24.8,26.6,5382,8.27,21,118,384
dl_r04_prague_marc,7,50,4.53,12,21.1,23.1,5486,7.25,22,112,390
dl_r04_prague_marc,7,51,4.63,12,23.0,22.8,5586,7.13,21,90,416
dl_r04_prague_marc,7,52,5.34,14,22.2,22.6,5700,6.96,24,115,437
dl_r04_prague_marc,7,53,4.72,14,20.1,27.9,5752,7.48,26,115,446
dl_r04_prague_marc,7,54,5.34,13,26.9,22.1,5888,7.75,27,127,475
dl_r04_prague_marc,7,55,5.11,12,27.9,23.4,5991,6.76,24,105,445
dl_r04_prague_marc,7,56,4.94,13,30.0,25.2,6110,6.80,24,105,432
dl_r04_prague_marc,7,57,5.23,14,25.7,26.2,6215,7.51,27,99,472
dl_r04_prague_marc,7,58,4.61,12,30.0,28.0,6330,7.59,23,114,403
dl_r04_prague_marc,7,59,4.41,11,30.8,27.3,6439,7.45,21,86,377
# dl_r04_prague_sin: repeticion 6 (4.77 Mbit/s), carpeta p240_dl_r04_prague_sin_rep06, 122 muestras de ss, 6867 de RLC
dl_r04_prague_sin,6,0,2.36,38,104.4,195.3,0,221.29,122,0,207
dl_r04_prague_sin,6,1,4.77,320,427.0,502.8,0,511.24,616,0,419
dl_r04_prague_sin,6,2,5.14,782,857.5,892.2,0,910.44,1292,0,443
dl_r04_prague_sin,6,3,4.65,1226,1386.9,1468.4,0,1452.63,1923,0,410
dl_r04_prague_sin,6,4,4.59,1644,1983.8,2079.8,0,2028.33,2509,0,401
dl_r04_prague_sin,6,5,4.64,1920,2540.8,2603.4,0,2563.20,2682,0,405
dl_r04_prague_sin,6,6,5.43,1920,3046.6,3064.0,0,3049.72,2667,0,457
dl_r04_prague_sin,6,7,4.58,1920,3502.6,3468.8,0,3477.68,2687,0,419
dl_r04_prague_sin,6,8,4.64,1920,4019.0,3954.6,0,3977.34,2670,0,405
dl_r04_prague_sin,6,9,4.66,1920,4200.0,4222.4,0,4210.67,2683,0,407
dl_r04_prague_sin,6,10,5.11,1920,4209.6,4239.0,0,4206.33,2671,0,425
dl_r04_prague_sin,6,11,4.74,1920,4233.3,4259.3,0,4239.08,2675,0,463
dl_r04_prague_sin,6,12,4.31,1920,4240.0,4241.2,0,4206.76,2676,0,378
dl_r04_prague_sin,6,13,4.28,1920,4273.3,4351.7,0,4327.52,2675,0,383
dl_r04_prague_sin,6,14,5.30,1920,4284.5,4297.6,0,4281.73,2660,0,459
dl_r04_prague_sin,6,15,5.01,1920,4275.5,4269.0,0,4248.50,2676,0,446
dl_r04_prague_sin,6,16,5.28,1920,4294.2,4198.8,0,4183.59,2668,0,472
dl_r04_prague_sin,6,17,4.59,1920,4057.6,4055.8,0,4039.42,2677,0,404
dl_r04_prague_sin,6,18,4.52,1920,4054.8,4038.8,0,4026.00,2672,0,403
dl_r04_prague_sin,6,19,4.19,1920,4307.6,4267.7,0,4233.36,2692,0,377
dl_r04_prague_sin,6,20,4.95,1920,4343.6,4309.7,0,4327.23,2691,0,407
dl_r04_prague_sin,6,21,5.01,1920,4375.9,4398.2,0,4398.93,2651,0,474
dl_r04_prague_sin,6,22,4.69,1920,4375.6,4350.0,0,4312.55,2675,0,404
dl_r04_prague_sin,6,23,4.53,1920,4382.3,4322.2,0,4292.28,2668,0,395
dl_r04_prague_sin,6,24,4.25,1920,4393.8,4285.6,0,4257.10,2681,0,387
dl_r04_prague_sin,6,25,4.40,1920,4419.0,4342.5,0,4317.97,2683,0,389
dl_r04_prague_sin,6,26,4.26,1920,4457.2,4555.9,0,4533.91,2684,0,377
dl_r04_prague_sin,6,27,4.64,1920,4477.5,4610.9,0,4590.34,2685,0,408
dl_r04_prague_sin,6,28,5.33,1920,4486.6,4494.8,0,4468.84,2672,0,474
dl_r04_prague_sin,6,29,4.58,1920,4472.8,4369.2,0,4331.89,2684,0,407
dl_r04_prague_sin,6,30,4.76,1920,4476.7,4335.2,0,4316.25,2692,0,406
dl_r04_prague_sin,6,31,5.26,1920,4057.3,4146.6,0,4137.11,2669,0,478
dl_r04_prague_sin,6,32,4.58,1920,4035.2,4190.4,0,4111.95,2692,0,408
dl_r04_prague_sin,6,33,4.73,1920,4173.8,4231.8,0,4212.85,2682,0,399
dl_r04_prague_sin,6,34,5.25,1920,4079.0,4189.1,0,4161.88,2659,0,475
dl_r04_prague_sin,6,35,4.64,1920,4073.4,4124.7,0,4089.48,2672,0,415
dl_r04_prague_sin,6,36,4.83,1920,4187.6,4255.3,0,4231.98,2663,0,402
dl_r04_prague_sin,6,37,5.11,1920,4119.7,4182.1,0,4167.96,2658,0,474
dl_r04_prague_sin,6,38,4.70,1920,4112.1,4067.1,0,4043.00,2680,0,421
dl_r04_prague_sin,6,39,4.54,1920,4144.7,4211.9,0,4192.11,2668,0,400
dl_r04_prague_sin,6,40,4.63,1920,4163.8,4193.8,0,4189.85,2663,0,416
dl_r04_prague_sin,6,41,4.59,1920,4174.1,4241.9,0,4229.72,2662,0,404
dl_r04_prague_sin,6,42,4.67,1920,4221.0,4322.4,0,4340.66,2691,0,398
dl_r04_prague_sin,6,43,5.43,1920,4263.5,4344.8,0,4330.94,2664,0,479
dl_r04_prague_sin,6,44,4.49,1920,4217.9,4228.1,0,4206.52,2680,0,413
dl_r04_prague_sin,6,45,4.76,1920,4227.6,4187.7,0,4198.36,2671,0,400
dl_r04_prague_sin,6,46,5.33,1920,4244.6,4201.1,0,4154.35,2650,0,473
dl_r04_prague_sin,6,47,5.17,1920,4033.9,4069.0,0,4061.92,2665,0,449
dl_r04_prague_sin,6,48,4.98,1920,4162.1,4068.3,0,4049.22,2664,0,458
dl_r04_prague_sin,6,49,5.32,1920,3818.4,3973.2,0,3947.21,2678,0,462
dl_r04_prague_sin,6,50,4.36,1920,3812.5,3893.2,0,3871.86,2652,0,419
dl_r04_prague_sin,6,51,4.26,1920,4168.7,4072.2,0,4076.17,2689,0,372
dl_r04_prague_sin,6,52,5.35,1920,4306.8,4200.0,0,4175.26,2671,0,429
dl_r04_prague_sin,6,53,5.09,1920,4327.6,4233.8,0,4212.77,2668,0,444
dl_r04_prague_sin,6,54,5.35,1920,4346.5,4234.3,0,4216.63,2680,0,472
dl_r04_prague_sin,6,55,5.08,1920,4342.4,4104.3,0,4103.72,2671,0,450
dl_r04_prague_sin,6,56,5.00,1920,3893.8,3919.7,0,3900.48,2657,0,474
dl_r04_prague_sin,6,57,4.75,1920,3903.9,3968.3,0,3959.78,2672,0,393
dl_r04_prague_sin,6,58,4.61,1920,3965.6,4102.9,0,4074.37,2665,0,406
dl_r04_prague_sin,6,59,4.58,1920,4184.6,4194.1,0,4171.80,2692,0,416
dl_r04_prague_sin,6,60,5.40,1920,4412.7,4251.8,0,4224.84,2461,0,450
dl_r04_prague_sin,6,61,4.49,1920,4242.6,4233.5,0,4211.45,1780,0,430
